0.1, 30.37109375, 49.90234375, 1859570312.5, 7.359375e-11, 0.0003513671875 
0.0, 0.29296875, 18.26171875, 6809570312.5, 3.359375e-11, 0.0008013671875 
1.0, 0.29296875, 24.90234375, 6809570312.5, 3.296875e-11, 0.0008013671875 
7.0, 0.29296875, 24.90234375, 6809570312.5, 3.359375e-11, 0.00046738281249999997 
0.0, 5.37109375, 24.90234375, 6809570312.5, 3.359375e-11, 0.0008013671875 
1.5, 5.37109375, 18.26171875, 3638476562.5, 3.296875e-11, 0.00046738281249999997 
1.0, 0.29296875, 24.90234375, 6809570312.5, 3.359375e-11, 0.0008013671875 
0.2, 25.29296875, 49.90234375, 1859570312.5, 7.359375e-11, 0.0003513671875 
3.2, 0.29296875, 24.90234375, 3638476562.5, 3.359375e-11, 0.0008013671875 
0.0, 25.29296875, 43.26171875, 1859570312.5, 7.359375e-11, 0.0003513671875 
0.2, 25.29296875, 49.90234375, 1859570312.5, 7.296875e-11, 0.0003513671875 
0.0, 25.29296875, 49.90234375, 8588476562.5, 7.359375e-11, 0.0003513671875 
5.4, 25.29296875, 49.90234375, 1859570312.5, 7.359375e-11, 0.0009173828125 
6.6, 30.37109375, 43.26171875, 8588476562.5, 7.296875e-11, 0.0009173828125 
0.0, 37.79296875, 5.76171875, 9284570312.5, 1.3593749999999998e-11, 0.00012636718750000001 
0.0, 42.87109375, 12.40234375, 9284570312.5, 1.3593749999999998e-11, 0.00012636718750000001 
0.0, 37.79296875, 12.40234375, 9284570312.5, 1.3593749999999998e-11, 0.00012636718750000001 
0.0, 37.79296875, 12.40234375, 6113476562.5, 1.3593749999999998e-11, 0.00012636718750000001 
0.0, 37.79296875, 12.40234375, 9284570312.5, 5.2968749999999995e-11, 0.00012636718750000001 
0.0, 37.79296875, 12.40234375, 9284570312.5, 1.3593749999999998e-11, 0.0006923828125000001 
4.8, 42.87109375, 5.76171875, 6113476562.5, 5.2968749999999995e-11, 0.0006923828125000001 
6.8, 17.87109375, 37.40234375, 4334570312.5, 5.359374999999999e-11, 0.0005763671875000001 
4.9, 12.79296875, 37.40234375, 1163476562.5, 5.359374999999999e-11, 0.0005763671875000001 
0.0, 12.79296875, 37.40234375, 4334570312.5, 1.2968749999999999e-11, 0.0005763671875000001 
7.0, 12.79296875, 37.40234375, 4334570312.5, 5.359374999999999e-11, 0.0005763671875000001 
6.7, 12.79296875, 30.76171875, 4334570312.5, 5.359374999999999e-11, 0.0005763671875000001 
0.0, 12.79296875, 37.40234375, 4334570312.5, 5.359374999999999e-11, 0.00024238281249999998 
2.8, 17.87109375, 30.76171875, 1163476562.5, 1.2968749999999999e-11, 0.00024238281249999998 
3.6, 19.04296875, 6.15234375, 622070312.5, 6.359375e-11, 0.0006888671875 
3.6, 11.62109375, 6.15234375, 622070312.5, 6.359375e-11, 0.0006888671875 
0.0, 11.62109375, 12.01171875, 7350976562.5, 6.296874999999999e-11, 0.0008048828125 
3.7, 19.04296875, 12.01171875, 622070312.5, 6.359375e-11, 0.0006888671875 
0.6, 44.04296875, 31.15234375, 5572070312.5, 2.359375e-11, 0.00023886718749999998 
3.6, 19.04296875, 6.15234375, 622070312.5, 6.296874999999999e-11, 0.0006888671875 
3.7, 19.04296875, 6.15234375, 622070312.5, 6.359375e-11, 0.0008048828125 
0.0, 19.04296875, 6.15234375, 7350976562.5, 6.359375e-11, 0.0006888671875 
0.1, 36.62109375, 31.15234375, 5572070312.5, 2.359375e-11, 0.00023886718749999998 
1.4, 44.04296875, 37.01171875, 5572070312.5, 2.359375e-11, 0.00023886718749999998 
3.2, 44.04296875, 31.15234375, 2400976562.5, 2.359375e-11, 0.00023886718749999998 
3.6, 44.04296875, 31.15234375, 5572070312.5, 2.359375e-11, 0.0003548828125 
0.0, 49.12109375, 18.65234375, 3097070312.5, 8.359375e-11, 0.0004638671875 
0.9, 44.04296875, 31.15234375, 5572070312.5, 2.2968749999999998e-11, 0.00023886718749999998 
3.0, 36.62109375, 37.01171875, 2400976562.5, 2.2968749999999998e-11, 0.0003548828125 
0.0, 31.54296875, 18.65234375, 3097070312.5, 8.359375e-11, 0.0004638671875 
0.0, 31.54296875, 24.51171875, 3097070312.5, 8.359375e-11, 0.0004638671875 
0.0, 31.54296875, 18.65234375, 4875976562.5, 8.359375e-11, 0.0004638671875 
4.6, 31.54296875, 18.65234375, 3097070312.5, 4.296875e-11, 0.0004638671875 
0.0, 31.54296875, 18.65234375, 3097070312.5, 8.359375e-11, 0.0001298828125 
0.0, 49.12109375, 24.51171875, 4875976562.5, 4.296875e-11, 0.0001298828125 
4.3, 6.54296875, 43.65234375, 8047070312.5, 4.3593749999999995e-11, 0.0009138671875000001 
4.0, 6.54296875, 43.65234375, 9825976562.5, 4.3593749999999995e-11, 0.0009138671875000001 
5.4, 6.54296875, 49.51171875, 8047070312.5, 4.3593749999999995e-11, 0.0009138671875000001 
4.3, 24.12109375, 43.65234375, 8047070312.5, 4.3593749999999995e-11, 0.0009138671875000001 
9.5, 6.54296875, 43.65234375, 8047070312.5, 8.296875e-11, 0.0009138671875000001 
8.4, 6.54296875, 43.65234375, 8047070312.5, 4.3593749999999995e-11, 0.0005798828125 
6.4, 24.12109375, 49.51171875, 9825976562.5, 8.296875e-11, 0.0005798828125 
0.0, 9.66796875, 9.27734375, 3715820312.5, 2.859375e-11, 0.0004076171875 
0.0, 14.74609375, 9.27734375, 3715820312.5, 2.859375e-11, 0.0004076171875 
0.0, 9.66796875, 8.88671875, 3715820312.5, 2.859375e-11, 0.0004076171875 
0.0, 9.66796875, 9.27734375, 3715820312.5, 6.796875e-11, 0.0004076171875 
0.0, 9.66796875, 9.27734375, 6732226562.5, 2.859375e-11, 0.0004076171875 
0.0, 9.66796875, 9.27734375, 3715820312.5, 2.859375e-11, 0.0002986328125 
0.0, 14.74609375, 8.88671875, 6732226562.5, 6.796875e-11, 0.0002986328125 
6.2, 34.66796875, 34.27734375, 8665820312.5, 6.859375e-11, 0.0008576171875 
6.2, 39.74609375, 34.27734375, 8665820312.5, 6.859375e-11, 0.0008576171875 
6.2, 34.66796875, 33.88671875, 8665820312.5, 6.859375e-11, 0.0008576171875 
4.8, 34.66796875, 34.27734375, 1782226562.5, 6.859375e-11, 0.0008576171875 
2.7, 39.74609375, 33.88671875, 1782226562.5, 2.7968749999999997e-11, 0.0007486328125000001 
0.0, 34.66796875, 34.27734375, 8665820312.5, 2.7968749999999997e-11, 0.0008576171875 
3.8, 47.16796875, 21.77734375, 1240820312.5, 4.859375e-11, 0.0006326171875 
3.9, 27.24609375, 21.77734375, 1240820312.5, 4.859375e-11, 0.0006326171875 
6.6, 34.66796875, 34.27734375, 8665820312.5, 6.859375e-11, 0.0007486328125000001 
3.8, 47.16796875, 21.38671875, 1240820312.5, 4.859375e-11, 0.0006326171875 
4.0, 47.16796875, 21.77734375, 4257226562.5, 4.859375e-11, 0.0006326171875 
3.8, 47.16796875, 21.77734375, 1240820312.5, 4.796874999999999e-11, 0.0006326171875 
4.2, 27.24609375, 21.38671875, 4257226562.5, 4.796874999999999e-11, 0.0009736328125 
3.4, 47.16796875, 21.77734375, 1240820312.5, 4.859375e-11, 0.0009736328125 
0.0, 22.16796875, 46.77734375, 6190820312.5, 8.859375e-11, 0.0001826171875 
0.0, 22.16796875, 46.77734375, 9207226562.5, 8.859375e-11, 0.0001826171875 
0.0, 2.24609375, 46.77734375, 6190820312.5, 8.859375e-11, 0.0001826171875 
0.0, 22.16796875, 46.38671875, 6190820312.5, 8.859375e-11, 0.0001826171875 
0.0, 22.16796875, 46.77734375, 6190820312.5, 8.796875e-11, 0.0001826171875 
0.9, 22.16796875, 46.77734375, 6190820312.5, 8.859375e-11, 0.0005236328125 
0.1, 2.24609375, 46.38671875, 9207226562.5, 8.796875e-11, 0.0005236328125 
0.0, 15.91796875, 15.52734375, 9903320312.5, 7.859375e-11, 0.0002951171875 
0.0, 20.99609375, 15.52734375, 9903320312.5, 7.859375e-11, 0.0002951171875 
0.0, 15.91796875, 15.13671875, 9903320312.5, 7.859375e-11, 0.0002951171875 
0.0, 15.91796875, 15.52734375, 3019726562.5, 7.859375e-11, 0.0002951171875 
0.0, 15.91796875, 15.52734375, 9903320312.5, 3.7968749999999995e-11, 0.0002951171875 
0.0, 15.91796875, 15.52734375, 9903320312.5, 7.859375e-11, 0.0006361328125 
3.9, 20.99609375, 15.13671875, 3019726562.5, 3.7968749999999995e-11, 0.0006361328125 
3.9, 40.91796875, 40.52734375, 4953320312.5, 3.859375e-11, 0.0007451171875 
3.9, 45.99609375, 40.52734375, 4953320312.5, 3.859375e-11, 0.0007451171875 
3.9, 40.91796875, 40.13671875, 4953320312.5, 3.859375e-11, 0.0007451171875 
4.3, 40.91796875, 40.52734375, 7969726562.5, 3.859375e-11, 0.0007451171875 
6.8, 40.91796875, 40.52734375, 4953320312.5, 7.796875e-11, 0.0007451171875 
0.0, 40.91796875, 40.52734375, 4953320312.5, 3.859375e-11, 0.0001861328125 
0.0, 45.99609375, 40.13671875, 7969726562.5, 7.796875e-11, 0.0001861328125 
3.3, 28.41796875, 3.02734375, 7428320312.5, 5.859375e-11, 0.0009701171875000001 
4.5, 33.49609375, 3.02734375, 7428320312.5, 5.859375e-11, 0.0009701171875000001 
3.3, 28.41796875, 2.63671875, 7428320312.5, 5.859375e-11, 0.0009701171875000001 
4.4, 28.41796875, 3.02734375, 5494726562.5, 5.859375e-11, 0.0009701171875000001 
3.4, 28.41796875, 3.02734375, 7428320312.5, 5.796875e-11, 0.0009701171875000001 
0.0, 28.41796875, 3.02734375, 7428320312.5, 5.859375e-11, 0.0004111328125 
0.0, 33.49609375, 2.63671875, 5494726562.5, 5.796875e-11, 0.0004111328125 
0.5, 3.41796875, 28.02734375, 2478320312.5, 1.8593749999999997e-11, 0.0005201171875 
0.6, 8.49609375, 28.02734375, 2478320312.5, 1.8593749999999997e-11, 0.0005201171875 
0.4, 3.41796875, 27.63671875, 2478320312.5, 1.8593749999999997e-11, 0.0005201171875 
2.9, 3.41796875, 28.02734375, 544726562.5, 1.8593749999999997e-11, 0.0005201171875 
0.1, 3.41796875, 28.02734375, 2478320312.5, 1.796875e-11, 0.0005201171875 
0.0, 3.41796875, 28.02734375, 2478320312.5, 1.8593749999999997e-11, 0.0008611328125 
0.0, 8.49609375, 27.63671875, 544726562.5, 1.796875e-11, 0.0008611328125 
6.9, 4.98046875, 41.69921875, 8356445312.5, 8.109375e-11, 0.0006044921875 
0.0, 44.43359375, 1.46484375, 8356445312.5, 8.109375e-11, 0.0006044921875 
0.0, 4.98046875, 1.46484375, 5185351562.5, 8.109375e-11, 0.0006044921875 
0.0, 4.98046875, 1.46484375, 8356445312.5, 8.109375e-11, 0.0006044921875 
0.0, 4.98046875, 1.46484375, 8356445312.5, 2.546875e-11, 0.0006044921875 
0.0, 4.98046875, 1.46484375, 8356445312.5, 8.109375e-11, 0.0003267578125 
3.9, 44.43359375, 41.69921875, 5185351562.5, 2.546875e-11, 0.0003267578125 
0.0, 29.98046875, 26.46484375, 3406445312.5, 4.109375e-11, 0.0001544921875 
0.0, 19.43359375, 26.46484375, 3406445312.5, 4.109375e-11, 0.0001544921875 
0.0, 29.98046875, 26.46484375, 3406445312.5, 6.546875e-11, 0.0001544921875 
0.0, 29.98046875, 16.69921875, 3406445312.5, 4.109375e-11, 0.0001544921875 
0.0, 29.98046875, 26.46484375, 235351562.5, 4.109375e-11, 0.0001544921875 
3.5, 19.43359375, 16.69921875, 235351562.5, 6.546875e-11, 0.0007767578125 
3.8, 29.98046875, 26.46484375, 3406445312.5, 4.109375e-11, 0.0007767578125 
0.0, 42.48046875, 13.96484375, 5881445312.5, 6.109375e-11, 0.0003794921875 
0.0, 6.93359375, 13.96484375, 5881445312.5, 6.109375e-11, 0.0003794921875 
0.0, 42.48046875, 29.19921875, 5881445312.5, 6.109375e-11, 0.0003794921875 
0.0, 42.48046875, 13.96484375, 2710351562.5, 6.109375e-11, 0.0003794921875 
0.3, 42.48046875, 13.96484375, 5881445312.5, 6.109375e-11, 0.0005517578125000001 
0.0, 42.48046875, 13.96484375, 5881445312.5, 8.546875e-11, 0.0003794921875 
0.0, 31.93359375, 38.96484375, 931445312.5, 2.1093749999999998e-11, 0.0008294921875 
0.0, 17.48046875, 38.96484375, 931445312.5, 2.1093749999999998e-11, 0.0008294921875 
0.2, 6.93359375, 29.19921875, 2710351562.5, 8.546875e-11, 0.0005517578125000001 
0.0, 17.48046875, 4.19921875, 931445312.5, 2.1093749999999998e-11, 0.0008294921875 
0.0, 17.48046875, 38.96484375, 7660351562.5, 2.1093749999999998e-11, 0.0008294921875 
3.9, 17.48046875, 38.96484375, 931445312.5, 4.5468749999999995e-11, 0.0008294921875 
0.0, 17.48046875, 38.96484375, 931445312.5, 2.1093749999999998e-11, 0.0001017578125 
0.0, 31.93359375, 4.19921875, 7660351562.5, 4.5468749999999995e-11, 0.0001017578125 
0.0, 23.73046875, 20.21484375, 4643945312.5, 1.1093749999999999e-11, 0.0009419921875 
0.0, 23.73046875, 35.44921875, 4643945312.5, 1.1093749999999999e-11, 0.0009419921875 
0.0, 38.18359375, 20.21484375, 4643945312.5, 1.1093749999999999e-11, 0.0009419921875 
0.0, 23.73046875, 20.21484375, 3947851562.5, 1.1093749999999999e-11, 0.0009419921875 
6.1, 23.73046875, 20.21484375, 4643945312.5, 7.546875e-11, 0.0009419921875 
0.0, 23.73046875, 20.21484375, 4643945312.5, 1.1093749999999999e-11, 0.0008892578125000001 
5.6, 38.18359375, 35.44921875, 3947851562.5, 7.546875e-11, 0.0008892578125000001 
6.3, 48.73046875, 45.21484375, 9593945312.5, 5.1093749999999995e-11, 0.0004919921875 
9.1, 13.18359375, 45.21484375, 9593945312.5, 5.1093749999999995e-11, 0.0004919921875 
0.0, 48.73046875, 10.44921875, 9593945312.5, 5.1093749999999995e-11, 0.0004919921875 
6.6, 48.73046875, 45.21484375, 8897851562.5, 5.1093749999999995e-11, 0.0004919921875 
4.8, 48.73046875, 45.21484375, 9593945312.5, 3.546875e-11, 0.0004919921875 
3.9, 48.73046875, 45.21484375, 9593945312.5, 5.1093749999999995e-11, 0.0004392578125 
0.0, 13.18359375, 10.44921875, 8897851562.5, 3.546875e-11, 0.0004392578125 
0.0, 36.23046875, 7.71484375, 2168945312.5, 3.109375e-11, 0.0002669921875 
0.0, 0.68359375, 7.71484375, 2168945312.5, 3.109375e-11, 0.0002669921875 
4.7, 36.23046875, 47.94921875, 2168945312.5, 3.109375e-11, 0.0002669921875 
0.0, 36.23046875, 7.71484375, 6422851562.5, 3.109375e-11, 0.0002669921875 
2.6, 36.23046875, 7.71484375, 2168945312.5, 1.5468749999999998e-11, 0.0002669921875 
0.0, 36.23046875, 7.71484375, 2168945312.5, 3.109375e-11, 0.00021425781249999998 
11.4, 0.68359375, 47.94921875, 6422851562.5, 1.5468749999999998e-11, 0.00021425781249999998 
8.5, 11.23046875, 32.71484375, 7118945312.5, 7.109375e-11, 0.0007169921875000001 
6.7, 25.68359375, 32.71484375, 7118945312.5, 7.109375e-11, 0.0007169921875000001 
1.9, 11.23046875, 22.94921875, 7118945312.5, 7.109375e-11, 0.0007169921875000001 
5.7, 11.23046875, 32.71484375, 1472851562.5, 7.109375e-11, 0.0007169921875000001 
0.0, 8.10546875, 17.08984375, 4566601562.5, 5.609375e-11, 0.0002107421875 
6.8, 11.23046875, 32.71484375, 7118945312.5, 5.546874999999999e-11, 0.0007169921875000001 
7.8, 11.23046875, 32.71484375, 7118945312.5, 7.109375e-11, 0.0006642578125 
4.3, 25.68359375, 22.94921875, 1472851562.5, 5.546874999999999e-11, 0.0006642578125 
0.0, 8.10546875, 17.08984375, 1550195312.5, 5.609375e-11, 0.0002107421875 
0.0, 8.10546875, 32.32421875, 1550195312.5, 5.609375e-11, 0.0002107421875 
0.0, 35.05859375, 17.08984375, 1550195312.5, 5.609375e-11, 0.0002107421875 
0.0, 8.10546875, 17.08984375, 1550195312.5, 7.046875e-11, 0.0002107421875 
0.0, 35.05859375, 32.32421875, 4566601562.5, 7.046875e-11, 0.0001580078125 
0.0, 8.10546875, 17.08984375, 1550195312.5, 5.609375e-11, 0.0001580078125 
0.0, 33.10546875, 42.08984375, 6500195312.5, 1.609375e-11, 0.0006607421875 
0.0, 10.05859375, 42.08984375, 6500195312.5, 1.609375e-11, 0.0006607421875 
0.0, 33.10546875, 7.32421875, 6500195312.5, 1.609375e-11, 0.0006607421875 
0.0, 33.10546875, 42.08984375, 9516601562.5, 1.609375e-11, 0.0006607421875 
0.0, 33.10546875, 42.08984375, 6500195312.5, 1.609375e-11, 0.0006080078125 
3.5, 33.10546875, 42.08984375, 6500195312.5, 3.0468749999999995e-11, 0.0006607421875 
0.0, 10.05859375, 7.32421875, 9516601562.5, 3.0468749999999995e-11, 0.0006080078125 
5.3, 45.60546875, 4.58984375, 4025195312.5, 7.609375e-11, 0.0008857421875 
2.6, 22.55859375, 4.58984375, 4025195312.5, 7.609375e-11, 0.0008857421875 
5.7, 45.60546875, 44.82421875, 4025195312.5, 7.609375e-11, 0.0008857421875 
4.6, 45.60546875, 4.58984375, 7041601562.5, 7.609375e-11, 0.0008857421875 
0.0, 45.60546875, 4.58984375, 4025195312.5, 1.046875e-11, 0.0008857421875 
5.2, 45.60546875, 4.58984375, 4025195312.5, 7.609375e-11, 0.0008330078125 
0.0, 22.55859375, 44.82421875, 7041601562.5, 1.046875e-11, 0.0008330078125 
0.4, 20.60546875, 29.58984375, 8975195312.5, 3.6093749999999995e-11, 0.0004357421875 
0.0, 20.60546875, 19.82421875, 8975195312.5, 3.6093749999999995e-11, 0.0004357421875 
3.0, 47.55859375, 29.58984375, 8975195312.5, 3.6093749999999995e-11, 0.0004357421875 
4.2, 20.60546875, 29.58984375, 2091601562.5, 3.6093749999999995e-11, 0.0004357421875 
0.0, 20.60546875, 29.58984375, 8975195312.5, 5.046875e-11, 0.0004357421875 
0.0, 20.60546875, 29.58984375, 8975195312.5, 3.6093749999999995e-11, 0.0003830078125 
3.5, 47.55859375, 19.82421875, 2091601562.5, 5.046875e-11, 0.0003830078125 
0.0, 14.35546875, 10.83984375, 5262695312.5, 4.609374999999999e-11, 0.0005482421875 
1.6, 28.80859375, 10.83984375, 5262695312.5, 4.609374999999999e-11, 0.0005482421875 
6.6, 14.35546875, 38.57421875, 5262695312.5, 4.609374999999999e-11, 0.0005482421875 
0.0, 14.35546875, 10.83984375, 5262695312.5, 2.0468749999999997e-11, 0.0005482421875 
0.0, 14.35546875, 10.83984375, 5804101562.5, 4.609374999999999e-11, 0.0005482421875 
1.3, 14.35546875, 10.83984375, 5262695312.5, 4.609374999999999e-11, 0.0007205078125 
0.0, 28.80859375, 38.57421875, 5804101562.5, 2.0468749999999997e-11, 0.0007205078125 
3.6, 39.35546875, 35.83984375, 312695312.5, 8.609375e-11, 0.0009982421875 
3.5, 39.35546875, 13.57421875, 312695312.5, 8.609375e-11, 0.0009982421875 
4.1, 39.35546875, 35.83984375, 854101562.5, 8.609375e-11, 0.0009982421875 
3.9, 3.80859375, 35.83984375, 312695312.5, 8.609375e-11, 0.0009982421875 
3.1, 39.35546875, 35.83984375, 312695312.5, 6.046875e-11, 0.0009982421875 
0.0, 39.35546875, 35.83984375, 312695312.5, 8.609375e-11, 0.0002705078125 
0.0, 3.80859375, 13.57421875, 854101562.5, 6.046875e-11, 0.0002705078125 
0.0, 26.85546875, 23.33984375, 7737695312.5, 2.6093749999999997e-11, 0.0007732421875000001 
0.0, 16.30859375, 23.33984375, 7737695312.5, 2.6093749999999997e-11, 0.0007732421875000001 
0.0, 26.85546875, 26.07421875, 7737695312.5, 2.6093749999999997e-11, 0.0007732421875000001 
1.9, 26.85546875, 23.33984375, 3329101562.5, 2.6093749999999997e-11, 0.0007732421875000001 
3.5, 26.85546875, 23.33984375, 7737695312.5, 8.046875e-11, 0.0007732421875000001 
1.3, 26.85546875, 23.33984375, 7737695312.5, 2.6093749999999997e-11, 0.0004955078125 
0.0, 16.30859375, 26.07421875, 3329101562.5, 8.046875e-11, 0.0004955078125 
0.0, 1.85546875, 48.33984375, 2787695312.5, 6.609375e-11, 0.0003232421875 
0.0, 41.30859375, 48.33984375, 2787695312.5, 6.609375e-11, 0.0003232421875 
0.0, 1.85546875, 1.07421875, 2787695312.5, 6.609375e-11, 0.0003232421875 
0.0, 1.85546875, 48.33984375, 8279101562.5, 6.609375e-11, 0.0003232421875 
8.1, 1.85546875, 48.33984375, 2787695312.5, 4.046874999999999e-11, 0.0003232421875 
7.4, 1.85546875, 48.33984375, 2787695312.5, 6.609375e-11, 0.0009455078125000001 
2.8, 41.30859375, 1.07421875, 8279101562.5, 4.046874999999999e-11, 0.0009455078125000001 
3.8, 2.63671875, 11.62109375, 1086132812.5, 7.234375e-11, 0.0008998046875 
4.4, 48.33984375, 11.62109375, 1086132812.5, 7.234375e-11, 0.0008998046875 
5.7, 2.63671875, 28.41796875, 1086132812.5, 7.234375e-11, 0.0008998046875 
4.2, 2.63671875, 11.62109375, 1086132812.5, 6.671874999999999e-11, 0.0008998046875 
0.0, 2.63671875, 11.62109375, 9671289062.5, 7.234375e-11, 0.0008998046875 
0.0, 2.63671875, 11.62109375, 1086132812.5, 7.234375e-11, 0.0004533203125 
0.0, 48.33984375, 28.41796875, 9671289062.5, 6.671874999999999e-11, 0.0004533203125 
4.8, 27.63671875, 36.62109375, 6036132812.5, 3.2343749999999995e-11, 0.00044980468749999995 
4.7, 23.33984375, 36.62109375, 6036132812.5, 3.2343749999999995e-11, 0.00044980468749999995 
0.0, 27.63671875, 3.41796875, 6036132812.5, 3.2343749999999995e-11, 0.00044980468749999995 
4.1, 27.63671875, 36.62109375, 4721289062.5, 3.2343749999999995e-11, 0.00044980468749999995 
3.8, 27.63671875, 36.62109375, 6036132812.5, 2.671875e-11, 0.00044980468749999995 
2.5, 27.63671875, 36.62109375, 6036132812.5, 3.2343749999999995e-11, 0.0009033203125 
0.0, 23.33984375, 3.41796875, 4721289062.5, 2.671875e-11, 0.0009033203125 
0.0, 40.13671875, 24.12109375, 3561132812.5, 5.234375e-11, 0.00022480468750000002 
0.0, 10.83984375, 24.12109375, 3561132812.5, 5.234375e-11, 0.00022480468750000002 
0.0, 40.13671875, 40.91796875, 3561132812.5, 5.234375e-11, 0.00022480468750000002 
0.0, 40.13671875, 24.12109375, 2246289062.5, 5.234375e-11, 0.00022480468750000002 
0.0, 40.13671875, 24.12109375, 3561132812.5, 4.671875e-11, 0.00022480468750000002 
4.2, 40.13671875, 24.12109375, 3561132812.5, 5.234375e-11, 0.0006783203125 
5.4, 10.83984375, 40.91796875, 2246289062.5, 4.671875e-11, 0.0006783203125 
0.0, 15.13671875, 49.12109375, 8511132812.5, 1.234375e-11, 0.0006748046875000001 
0.0, 35.83984375, 49.12109375, 8511132812.5, 1.234375e-11, 0.0006748046875000001 
0.0, 15.13671875, 15.91796875, 8511132812.5, 1.234375e-11, 0.0006748046875000001 
0.0, 15.13671875, 49.12109375, 7196289062.5, 1.234375e-11, 0.0006748046875000001 
10.0, 15.13671875, 49.12109375, 8511132812.5, 8.671875e-11, 0.0006748046875000001 
0.0, 15.13671875, 49.12109375, 8511132812.5, 1.234375e-11, 0.0002283203125 
0.0, 35.83984375, 15.91796875, 7196289062.5, 8.671875e-11, 0.0002283203125 
0.0, 21.38671875, 17.87109375, 7273632812.5, 2.2343749999999997e-11, 0.0005623046875 
0.8, 42.08984375, 17.87109375, 7273632812.5, 2.2343749999999997e-11, 0.0005623046875 
1.3, 21.38671875, 47.16796875, 7273632812.5, 2.2343749999999997e-11, 0.0005623046875 
1.1, 21.38671875, 17.87109375, 7273632812.5, 3.671875e-11, 0.0005623046875 
2.4, 21.38671875, 17.87109375, 1008789062.5, 2.2343749999999997e-11, 0.0005623046875 
0.0, 21.38671875, 17.87109375, 7273632812.5, 2.2343749999999997e-11, 0.0007908203125000001 
2.8, 42.08984375, 47.16796875, 1008789062.5, 3.671875e-11, 0.0007908203125000001 
0.0, 46.38671875, 42.87109375, 2323632812.5, 6.234375e-11, 0.0001123046875 
0.0, 17.08984375, 42.87109375, 2323632812.5, 6.234375e-11, 0.0001123046875 
0.0, 46.38671875, 22.16796875, 2323632812.5, 6.234375e-11, 0.0001123046875 
0.0, 46.38671875, 42.87109375, 5958789062.5, 6.234375e-11, 0.0001123046875 
0.0, 46.38671875, 42.87109375, 2323632812.5, 7.671875e-11, 0.0001123046875 
0.4, 46.38671875, 42.87109375, 2323632812.5, 6.234375e-11, 0.0003408203125 
0.0, 17.08984375, 22.16796875, 5958789062.5, 7.671875e-11, 0.0003408203125 
0.0, 33.88671875, 5.37109375, 9748632812.5, 4.234374999999999e-11, 0.0003373046875 
0.0, 4.58984375, 5.37109375, 9748632812.5, 4.234374999999999e-11, 0.0003373046875 
0.0, 33.88671875, 34.66796875, 9748632812.5, 4.234374999999999e-11, 0.0003373046875 
0.0, 33.88671875, 5.37109375, 8433789062.5, 4.234374999999999e-11, 0.0003373046875 
0.0, 33.88671875, 5.37109375, 9748632812.5, 5.6718749999999995e-11, 0.0003373046875 
0.0, 33.88671875, 5.37109375, 9748632812.5, 4.234374999999999e-11, 0.00011582031250000001 
0.0, 4.58984375, 34.66796875, 8433789062.5, 5.6718749999999995e-11, 0.00011582031250000001 
8.4, 8.88671875, 30.37109375, 4798632812.5, 8.234375e-11, 0.0007873046875 
6.6, 29.58984375, 30.37109375, 4798632812.5, 8.234375e-11, 0.0007873046875 
0.0, 8.88671875, 9.66796875, 4798632812.5, 8.234375e-11, 0.0007873046875 
7.7, 8.88671875, 30.37109375, 3483789062.5, 8.234375e-11, 0.0007873046875 
0.0, 8.88671875, 30.37109375, 4798632812.5, 1.6718749999999997e-11, 0.0007873046875 
0.1, 8.88671875, 30.37109375, 4798632812.5, 8.234375e-11, 0.0005658203125 
0.0, 29.58984375, 9.66796875, 3483789062.5, 1.6718749999999997e-11, 0.0005658203125 
0.0, 12.01171875, 20.99609375, 9129882812.5, 6.734375e-11, 0.0005060546875 
0.0, 32.71484375, 20.99609375, 9129882812.5, 6.734375e-11, 0.0005060546875 
5.1, 12.01171875, 44.04296875, 9129882812.5, 6.734375e-11, 0.0005060546875 
3.5, 12.01171875, 20.99609375, 390039062.5, 6.734375e-11, 0.0005060546875 
0.0, 12.01171875, 20.99609375, 9129882812.5, 3.171875e-11, 0.0005060546875 
0.0, 12.01171875, 20.99609375, 9129882812.5, 6.734375e-11, 0.0002845703125 
3.1, 32.71484375, 44.04296875, 390039062.5, 3.171875e-11, 0.0002845703125 
0.0, 37.01171875, 45.99609375, 4179882812.5, 2.734375e-11, 0.0009560546875 
0.0, 7.71484375, 45.99609375, 4179882812.5, 2.734375e-11, 0.0009560546875 
0.0, 37.01171875, 19.04296875, 4179882812.5, 2.734375e-11, 0.0009560546875 
0.0, 37.01171875, 45.99609375, 5340039062.5, 2.734375e-11, 0.0009560546875 
5.5, 37.01171875, 45.99609375, 4179882812.5, 7.171875e-11, 0.0009560546875 
3.0, 37.01171875, 45.99609375, 4179882812.5, 2.734375e-11, 0.0007345703125 
1.3, 7.71484375, 19.04296875, 5340039062.5, 7.171875e-11, 0.0007345703125 
0.1, 49.51171875, 8.49609375, 6654882812.5, 8.734375e-11, 0.0007310546875 
0.0, 20.21484375, 8.49609375, 6654882812.5, 8.734375e-11, 0.0007310546875 
6.8, 49.51171875, 31.54296875, 6654882812.5, 8.734375e-11, 0.0007310546875 
0.0, 49.51171875, 8.49609375, 7815039062.5, 8.734375e-11, 0.0007310546875 
4.6, 49.51171875, 8.49609375, 6654882812.5, 5.171874999999999e-11, 0.0007310546875 
5.6, 49.51171875, 8.49609375, 6654882812.5, 8.734375e-11, 0.0009595703125 
4.9, 20.21484375, 31.54296875, 7815039062.5, 5.171874999999999e-11, 0.0009595703125 
0.6, 45.21484375, 33.49609375, 1704882812.5, 4.7343749999999995e-11, 0.0002810546875 
0.0, 24.51171875, 33.49609375, 1704882812.5, 4.7343749999999995e-11, 0.0002810546875 
0.0, 24.51171875, 6.54296875, 1704882812.5, 4.7343749999999995e-11, 0.0002810546875 
0.0, 24.51171875, 33.49609375, 2865039062.5, 4.7343749999999995e-11, 0.0002810546875 
1.9, 24.51171875, 33.49609375, 1704882812.5, 1.171875e-11, 0.0002810546875 
4.6, 24.51171875, 33.49609375, 1704882812.5, 4.7343749999999995e-11, 0.0005095703125 
0.0, 45.21484375, 6.54296875, 2865039062.5, 1.171875e-11, 0.0005095703125 
0.0, 18.26171875, 2.24609375, 2942382812.5, 3.734375e-11, 0.0001685546875 
0.0, 26.46484375, 2.24609375, 2942382812.5, 3.734375e-11, 0.0001685546875 
0.0, 18.26171875, 25.29296875, 2942382812.5, 3.734375e-11, 0.0001685546875 
0.0, 18.26171875, 2.24609375, 9052539062.5, 3.734375e-11, 0.0001685546875 
0.0, 18.26171875, 2.24609375, 2942382812.5, 6.171875e-11, 0.0001685546875 
2.8, 18.26171875, 2.24609375, 2942382812.5, 3.734375e-11, 0.0006220703125 
1.0, 26.46484375, 25.29296875, 9052539062.5, 6.171875e-11, 0.0006220703125 
0.4, 43.26171875, 27.24609375, 7892382812.5, 7.734375e-11, 0.0006185546875000001 
0.1, 1.46484375, 27.24609375, 7892382812.5, 7.734375e-11, 0.0006185546875000001 
0.0, 43.26171875, 0.29296875, 7892382812.5, 7.734375e-11, 0.0006185546875000001 
6.1, 43.26171875, 27.24609375, 4102539062.5, 7.734375e-11, 0.0006185546875000001 
0.0, 43.26171875, 27.24609375, 7892382812.5, 2.171875e-11, 0.0006185546875000001 
0.0, 43.26171875, 27.24609375, 7892382812.5, 7.734375e-11, 0.00017207031250000002 
0.0, 1.46484375, 0.29296875, 4102539062.5, 2.171875e-11, 0.00017207031250000002 
0.0, 30.76171875, 14.74609375, 467382812.5, 1.7343749999999998e-11, 0.0008435546875 
0.0, 13.96484375, 14.74609375, 467382812.5, 1.7343749999999998e-11, 0.0008435546875 
0.0, 30.76171875, 37.79296875, 467382812.5, 1.7343749999999998e-11, 0.0008435546875 
0.0, 30.76171875, 14.74609375, 1627539062.5, 1.7343749999999998e-11, 0.0008435546875 
2.9, 30.76171875, 14.74609375, 467382812.5, 4.1718749999999995e-11, 0.0008435546875 
1.9, 30.76171875, 14.74609375, 467382812.5, 1.7343749999999998e-11, 0.00039707031249999996 
5.8, 13.96484375, 37.79296875, 1627539062.5, 4.1718749999999995e-11, 0.00039707031249999996 
1.8, 5.76171875, 39.74609375, 5417382812.5, 5.734374999999999e-11, 0.00039355468749999997 
0.3, 38.96484375, 39.74609375, 5417382812.5, 5.734374999999999e-11, 0.00039355468749999997 
0.0, 5.76171875, 12.79296875, 5417382812.5, 5.734374999999999e-11, 0.00039355468749999997 
0.8, 5.76171875, 39.74609375, 6577539062.5, 5.734374999999999e-11, 0.00039355468749999997 
0.0, 5.76171875, 39.74609375, 5417382812.5, 8.171875e-11, 0.00039355468749999997 
7.4, 5.76171875, 39.74609375, 5417382812.5, 5.734374999999999e-11, 0.0008470703125000001 
4.6, 38.96484375, 12.79296875, 6577539062.5, 8.171875e-11, 0.0008470703125000001 
0.1, 4.19921875, 13.18359375, 3870507812.5, 4.484375e-11, 0.0007029296875 
0.1, 3.02734375, 13.18359375, 3870507812.5, 4.484375e-11, 0.0007029296875 
2.9, 4.19921875, 13.18359375, 1936914062.5, 4.484375e-11, 0.0007029296875 
0.0, 4.19921875, 4.98046875, 3870507812.5, 4.484375e-11, 0.0007029296875 
0.0, 4.19921875, 13.18359375, 3870507812.5, 7.421875e-11, 0.0007029296875 
0.0, 4.19921875, 13.18359375, 3870507812.5, 4.484375e-11, 0.00036894531249999997 
0.0, 3.02734375, 4.98046875, 1936914062.5, 7.421875e-11, 0.00036894531249999997 
0.0, 29.19921875, 38.18359375, 8820507812.5, 8.484375e-11, 0.0002529296875 
0.0, 28.02734375, 38.18359375, 8820507812.5, 8.484375e-11, 0.0002529296875 
0.0, 29.19921875, 29.98046875, 8820507812.5, 8.484375e-11, 0.0002529296875 
0.0, 29.19921875, 38.18359375, 6886914062.5, 8.484375e-11, 0.0002529296875 
0.0, 29.19921875, 38.18359375, 8820507812.5, 3.4218749999999995e-11, 0.0002529296875 
8.0, 29.19921875, 38.18359375, 8820507812.5, 8.484375e-11, 0.0008189453125 
3.1, 28.02734375, 29.98046875, 6886914062.5, 3.4218749999999995e-11, 0.0008189453125 
2.9, 41.69921875, 0.68359375, 1395507812.5, 2.484375e-11, 0.0004779296875 
2.9, 40.52734375, 0.68359375, 1395507812.5, 2.484375e-11, 0.0004779296875 
3.0, 41.69921875, 17.48046875, 1395507812.5, 2.484375e-11, 0.0004779296875 
0.0, 41.69921875, 0.68359375, 9361914062.5, 2.484375e-11, 0.0004779296875 
0.0, 41.69921875, 0.68359375, 1395507812.5, 1.421875e-11, 0.0004779296875 
2.1, 41.69921875, 0.68359375, 1395507812.5, 2.484375e-11, 0.0005939453125000001 
0.0, 40.52734375, 17.48046875, 9361914062.5, 1.421875e-11, 0.0005939453125000001 
6.1, 16.69921875, 25.68359375, 6345507812.5, 6.484375e-11, 0.0009279296875 
6.1, 15.52734375, 25.68359375, 6345507812.5, 6.484375e-11, 0.0009279296875 
6.4, 16.69921875, 42.48046875, 6345507812.5, 6.484375e-11, 0.0009279296875 
5.6, 16.69921875, 25.68359375, 4411914062.5, 6.484375e-11, 0.0009279296875 
4.7, 16.69921875, 25.68359375, 6345507812.5, 5.421875e-11, 0.0009279296875 
0.0, 16.69921875, 25.68359375, 6345507812.5, 6.484375e-11, 0.0001439453125 
0.0, 15.52734375, 42.48046875, 4411914062.5, 5.421875e-11, 0.0001439453125 
1.3, 22.94921875, 6.93359375, 7583007812.5, 5.4843749999999995e-11, 0.0008154296875000001 
4.8, 22.94921875, 23.73046875, 7583007812.5, 5.4843749999999995e-11, 0.0008154296875000001 
0.0, 9.27734375, 6.93359375, 7583007812.5, 5.4843749999999995e-11, 0.0008154296875000001 
1.1, 22.94921875, 6.93359375, 8124414062.5, 5.4843749999999995e-11, 0.0008154296875000001 
0.0, 22.94921875, 6.93359375, 7583007812.5, 2.4218749999999997e-11, 0.0008154296875000001 
2.2, 22.94921875, 6.93359375, 7583007812.5, 5.4843749999999995e-11, 0.0009314453125 
0.0, 9.27734375, 23.73046875, 8124414062.5, 2.4218749999999997e-11, 0.0009314453125 
1.9, 47.94921875, 31.93359375, 2633007812.5, 1.4843749999999997e-11, 0.0003654296875 
1.9, 34.27734375, 31.93359375, 2633007812.5, 1.4843749999999997e-11, 0.0003654296875 
1.9, 47.94921875, 48.73046875, 2633007812.5, 1.4843749999999997e-11, 0.0003654296875 
0.0, 47.94921875, 31.93359375, 2633007812.5, 6.421875e-11, 0.0003654296875 
1.9, 47.94921875, 31.93359375, 3174414062.5, 1.4843749999999997e-11, 0.0003654296875 
0.1, 47.94921875, 31.93359375, 2633007812.5, 1.4843749999999997e-11, 0.0004814453125 
7.0, 34.27734375, 48.73046875, 3174414062.5, 6.421875e-11, 0.0004814453125 
0.0, 35.44921875, 19.43359375, 5108007812.5, 7.484375e-11, 0.0001404296875 
0.0, 46.77734375, 19.43359375, 5108007812.5, 7.484375e-11, 0.0001404296875 
0.0, 35.44921875, 11.23046875, 5108007812.5, 7.484375e-11, 0.0001404296875 
0.0, 35.44921875, 19.43359375, 699414062.5, 7.484375e-11, 0.0001404296875 
0.0, 35.44921875, 19.43359375, 5108007812.5, 8.421875e-11, 0.0001404296875 
0.0, 35.44921875, 19.43359375, 5108007812.5, 7.484375e-11, 0.0002564453125 
0.0, 46.77734375, 11.23046875, 699414062.5, 8.421875e-11, 0.0002564453125 
3.0, 10.44921875, 44.43359375, 158007812.5, 3.484375e-11, 0.0005904296875 
3.0, 21.77734375, 44.43359375, 158007812.5, 3.484375e-11, 0.0005904296875 
3.0, 10.44921875, 36.23046875, 158007812.5, 3.484375e-11, 0.0005904296875 
3.0, 10.44921875, 44.43359375, 158007812.5, 4.421874999999999e-11, 0.0005904296875 
5.6, 10.44921875, 44.43359375, 5649414062.5, 3.484375e-11, 0.0005904296875 
2.9, 10.44921875, 44.43359375, 158007812.5, 3.484375e-11, 0.0007064453125 
5.1, 21.77734375, 36.23046875, 5649414062.5, 4.421874999999999e-11, 0.0007064453125 
0.0, 7.32421875, 3.80859375, 5726757812.5, 1.984375e-11, 0.0003091796875 
0.0, 7.32421875, 20.60546875, 5726757812.5, 1.984375e-11, 0.0003091796875 
0.0, 7.32421875, 3.80859375, 8743164062.5, 1.984375e-11, 0.0003091796875 
0.0, 18.65234375, 3.80859375, 5726757812.5, 1.984375e-11, 0.0003091796875 
0.0, 7.32421875, 3.80859375, 5726757812.5, 2.921875e-11, 0.0003091796875 
0.0, 7.32421875, 3.80859375, 5726757812.5, 1.984375e-11, 0.00020019531250000002 
0.0, 18.65234375, 20.60546875, 8743164062.5, 2.921875e-11, 0.00020019531250000002 
3.9, 32.32421875, 28.80859375, 776757812.5, 5.984375e-11, 0.0007591796875 
3.9, 43.65234375, 28.80859375, 776757812.5, 5.984375e-11, 0.0007591796875 
4.0, 32.32421875, 45.60546875, 776757812.5, 5.984375e-11, 0.0007591796875 
5.4, 32.32421875, 28.80859375, 3793164062.5, 5.984375e-11, 0.0007591796875 
4.1, 32.32421875, 28.80859375, 776757812.5, 6.921875e-11, 0.0007591796875 
3.9, 32.32421875, 28.80859375, 776757812.5, 5.984375e-11, 0.0006501953125000001 
5.9, 43.65234375, 45.60546875, 3793164062.5, 6.921875e-11, 0.0006501953125000001 
3.3, 44.82421875, 16.30859375, 8201757812.5, 3.9843749999999995e-11, 0.0009841796875 
2.3, 31.15234375, 16.30859375, 8201757812.5, 3.9843749999999995e-11, 0.0009841796875 
3.0, 44.82421875, 8.10546875, 8201757812.5, 3.9843749999999995e-11, 0.0009841796875 
2.4, 44.82421875, 16.30859375, 1318164062.5, 3.9843749999999995e-11, 0.0009841796875 
6.0, 44.82421875, 16.30859375, 8201757812.5, 8.921875e-11, 0.0009841796875 
3.5, 44.82421875, 16.30859375, 8201757812.5, 3.9843749999999995e-11, 0.0008751953125 
4.6, 31.15234375, 8.10546875, 1318164062.5, 8.921875e-11, 0.0008751953125 
6.4, 19.82421875, 41.30859375, 3251757812.5, 7.984375e-11, 0.0005341796875 
6.7, 6.15234375, 41.30859375, 3251757812.5, 7.984375e-11, 0.0005341796875 
1.8, 19.82421875, 33.10546875, 3251757812.5, 7.984375e-11, 0.0005341796875 
2.5, 19.82421875, 41.30859375, 6268164062.5, 7.984375e-11, 0.0005341796875 
6.0, 19.82421875, 41.30859375, 3251757812.5, 4.9218749999999995e-11, 0.0005341796875 
0.0, 19.82421875, 41.30859375, 3251757812.5, 7.984375e-11, 0.0004251953125 
3.7, 6.15234375, 33.10546875, 6268164062.5, 4.9218749999999995e-11, 0.0004251953125 
0.0, 13.57421875, 22.55859375, 2014257812.5, 8.984375e-11, 0.00042167968749999996 
0.0, 24.90234375, 22.55859375, 2014257812.5, 8.984375e-11, 0.00042167968749999996 
0.0, 13.57421875, 1.85546875, 2014257812.5, 8.984375e-11, 0.00042167968749999996 
0.0, 13.57421875, 22.55859375, 2555664062.5, 8.984375e-11, 0.00042167968749999996 
0.0, 13.57421875, 22.55859375, 2014257812.5, 7.921875e-11, 0.00042167968749999996 
6.0, 13.57421875, 22.55859375, 2014257812.5, 8.984375e-11, 0.0007626953125 
0.5, 24.90234375, 1.85546875, 2555664062.5, 7.921875e-11, 0.0007626953125 
4.8, 38.57421875, 47.55859375, 6964257812.5, 4.984374999999999e-11, 0.0008716796875000001 
4.0, 49.90234375, 47.55859375, 6964257812.5, 4.984374999999999e-11, 0.0008716796875000001 
4.4, 38.57421875, 26.85546875, 6964257812.5, 4.984374999999999e-11, 0.0008716796875000001 
4.8, 38.57421875, 47.55859375, 7505664062.5, 4.984374999999999e-11, 0.0008716796875000001 
3.9, 38.57421875, 47.55859375, 6964257812.5, 3.921875e-11, 0.0008716796875000001 
0.0, 38.57421875, 47.55859375, 6964257812.5, 4.984374999999999e-11, 0.0003126953125 
0.0, 49.90234375, 26.85546875, 7505664062.5, 3.921875e-11, 0.0003126953125 
0.0, 26.07421875, 10.05859375, 4489257812.5, 6.984375e-11, 0.0006466796875 
1.1, 37.40234375, 10.05859375, 4489257812.5, 6.984375e-11, 0.0006466796875 
0.6, 26.07421875, 14.35546875, 4489257812.5, 6.984375e-11, 0.0006466796875 
0.0, 26.07421875, 10.05859375, 9980664062.5, 6.984375e-11, 0.0006466796875 
0.0, 26.07421875, 10.05859375, 4489257812.5, 6.984375e-11, 0.0005376953125 
0.0, 26.07421875, 10.05859375, 4489257812.5, 1.9218749999999998e-11, 0.0006466796875 
0.0, 37.40234375, 14.35546875, 9980664062.5, 1.9218749999999998e-11, 0.0005376953125 
0.0, 1.07421875, 35.05859375, 9439257812.5, 2.984375e-11, 0.0001966796875 
0.0, 12.40234375, 35.05859375, 9439257812.5, 2.984375e-11, 0.0001966796875 
0.0, 1.07421875, 39.35546875, 9439257812.5, 2.984375e-11, 0.0001966796875 
0.0, 1.07421875, 35.05859375, 5030664062.5, 2.984375e-11, 0.0001966796875 
0.0, 1.07421875, 35.05859375, 9439257812.5, 5.921874999999999e-11, 0.0001966796875 
0.0, 1.07421875, 35.05859375, 9439257812.5, 2.984375e-11, 0.0009876953125 
0.0, 1.46484375, 4.98046875, 5030664062.5, 5.921874999999999e-11, 0.00044277343749999997 
5.8, 12.40234375, 39.35546875, 5030664062.5, 5.921874999999999e-11, 0.0009876953125 
0.0, 20.60546875, 4.98046875, 5030664062.5, 5.921874999999999e-11, 0.00044277343749999997 
9.8, 1.46484375, 48.33984375, 5030664062.5, 5.921874999999999e-11, 0.00044277343749999997 
0.0, 1.46484375, 4.98046875, 4334570312.5, 5.921874999999999e-11, 0.00044277343749999997 
0.0, 1.46484375, 4.98046875, 5030664062.5, 8.734375e-11, 0.00044277343749999997 
0.0, 1.46484375, 4.98046875, 5030664062.5, 5.921874999999999e-11, 0.0005166015625 
3.3, 20.60546875, 48.33984375, 4334570312.5, 8.734375e-11, 0.0005166015625 
0.0, 26.46484375, 29.98046875, 9980664062.5, 1.9218749999999998e-11, 0.0008927734375 
0.0, 45.60546875, 29.98046875, 9980664062.5, 1.9218749999999998e-11, 0.0008927734375 
0.0, 26.46484375, 23.33984375, 9980664062.5, 1.9218749999999998e-11, 0.0008927734375 
0.0, 26.46484375, 29.98046875, 9284570312.5, 1.9218749999999998e-11, 0.0008927734375 
4.6, 26.46484375, 29.98046875, 9980664062.5, 4.7343749999999995e-11, 0.0008927734375 
0.0, 26.46484375, 29.98046875, 9980664062.5, 1.9218749999999998e-11, 0.0009666015625 
4.2, 45.60546875, 23.33984375, 9284570312.5, 4.7343749999999995e-11, 0.0009666015625 
5.0, 38.96484375, 17.48046875, 2555664062.5, 7.921875e-11, 0.0006677734375000001 
4.5, 33.10546875, 17.48046875, 2555664062.5, 7.921875e-11, 0.0006677734375000001 
5.4, 38.96484375, 35.83984375, 2555664062.5, 7.921875e-11, 0.0006677734375000001 
0.1, 38.96484375, 17.48046875, 6809570312.5, 7.921875e-11, 0.0006677734375000001 
3.0, 38.96484375, 17.48046875, 2555664062.5, 2.734375e-11, 0.0006677734375000001 
5.5, 38.96484375, 17.48046875, 2555664062.5, 7.921875e-11, 0.0007416015625000001 
2.1, 33.10546875, 35.83984375, 6809570312.5, 2.734375e-11, 0.0007416015625000001 
0.0, 13.96484375, 42.48046875, 7505664062.5, 3.921875e-11, 0.0002177734375 
0.0, 8.10546875, 42.48046875, 7505664062.5, 3.921875e-11, 0.0002177734375 
0.0, 13.96484375, 10.83984375, 7505664062.5, 3.921875e-11, 0.0002177734375 
0.1, 13.96484375, 42.48046875, 1859570312.5, 3.921875e-11, 0.0002177734375 
0.0, 13.96484375, 42.48046875, 7505664062.5, 6.734375e-11, 0.0002177734375 
0.3, 13.96484375, 42.48046875, 7505664062.5, 3.921875e-11, 0.0002916015625 
0.0, 8.10546875, 10.83984375, 1859570312.5, 6.734375e-11, 0.0002916015625 
0.0, 20.21484375, 23.73046875, 8743164062.5, 4.9218749999999995e-11, 0.0001052734375 
0.0, 14.35546875, 23.73046875, 8743164062.5, 4.9218749999999995e-11, 0.0001052734375 
0.0, 20.21484375, 29.58984375, 8743164062.5, 4.9218749999999995e-11, 0.0001052734375 
0.0, 20.21484375, 23.73046875, 5572070312.5, 4.9218749999999995e-11, 0.0001052734375 
0.0, 20.21484375, 23.73046875, 8743164062.5, 1.7343749999999998e-11, 0.0001052734375 
3.6, 20.21484375, 23.73046875, 8743164062.5, 4.9218749999999995e-11, 0.0008541015625 
0.0, 14.35546875, 29.58984375, 5572070312.5, 1.7343749999999998e-11, 0.0008541015625 
6.6, 45.21484375, 48.73046875, 3793164062.5, 8.921875e-11, 0.0005552734375 
6.9, 39.35546875, 48.73046875, 3793164062.5, 8.921875e-11, 0.0005552734375 
0.0, 45.21484375, 4.58984375, 3793164062.5, 8.921875e-11, 0.0005552734375 
4.5, 45.21484375, 48.73046875, 622070312.5, 8.921875e-11, 0.0005552734375 
5.6, 45.21484375, 48.73046875, 3793164062.5, 5.734374999999999e-11, 0.0005552734375 
0.0, 45.21484375, 48.73046875, 3793164062.5, 8.921875e-11, 0.0004041015625 
0.8, 39.35546875, 4.58984375, 622070312.5, 5.734374999999999e-11, 0.0004041015625 
1.0, 32.71484375, 11.23046875, 6268164062.5, 2.921875e-11, 0.0007802734375 
0.1, 26.85546875, 11.23046875, 6268164062.5, 2.921875e-11, 0.0007802734375 
2.8, 32.71484375, 42.08984375, 6268164062.5, 2.921875e-11, 0.0007802734375 
2.9, 32.71484375, 11.23046875, 3097070312.5, 2.921875e-11, 0.0007802734375 
1.8, 32.71484375, 11.23046875, 6268164062.5, 7.734375e-11, 0.0007802734375 
0.0, 32.71484375, 11.23046875, 6268164062.5, 2.921875e-11, 0.0001791015625 
0.0, 26.85546875, 42.08984375, 3097070312.5, 7.734375e-11, 0.0001791015625 
0.0, 7.71484375, 36.23046875, 1318164062.5, 6.921875e-11, 0.0003302734375 
0.0, 1.85546875, 36.23046875, 1318164062.5, 6.921875e-11, 0.0003302734375 
0.0, 7.71484375, 17.08984375, 1318164062.5, 6.921875e-11, 0.0003302734375 
0.0, 7.71484375, 36.23046875, 8047070312.5, 6.921875e-11, 0.0003302734375 
5.3, 7.71484375, 36.23046875, 1318164062.5, 3.734375e-11, 0.0003302734375 
5.5, 7.71484375, 36.23046875, 1318164062.5, 6.921875e-11, 0.0006291015625 
0.0, 1.85546875, 17.08984375, 8047070312.5, 3.734375e-11, 0.0006291015625 
1.3, 10.83984375, 14.35546875, 5649414062.5, 8.421875e-11, 0.0009490234375 
1.6, 11.23046875, 14.35546875, 5649414062.5, 8.421875e-11, 0.0009490234375 
7.6, 10.83984375, 26.46484375, 5649414062.5, 8.421875e-11, 0.0009490234375 
1.1, 10.83984375, 14.35546875, 6190820312.5, 8.421875e-11, 0.0009490234375 
0.0, 10.83984375, 14.35546875, 5649414062.5, 1.234375e-11, 0.0009490234375 
0.0, 10.83984375, 14.35546875, 5649414062.5, 8.421875e-11, 0.0002353515625 
0.0, 11.23046875, 26.46484375, 6190820312.5, 1.234375e-11, 0.0002353515625 
3.8, 35.83984375, 39.35546875, 699414062.5, 4.421874999999999e-11, 0.0004990234375 
3.8, 36.23046875, 39.35546875, 699414062.5, 4.421874999999999e-11, 0.0004990234375 
3.3, 35.83984375, 1.46484375, 699414062.5, 4.421874999999999e-11, 0.0004990234375 
3.9, 35.83984375, 39.35546875, 1240820312.5, 4.421874999999999e-11, 0.0004990234375 
3.8, 35.83984375, 39.35546875, 699414062.5, 5.234375e-11, 0.0004990234375 
3.8, 35.83984375, 39.35546875, 699414062.5, 4.421874999999999e-11, 0.0006853515625 
3.8, 36.23046875, 1.46484375, 1240820312.5, 5.234375e-11, 0.0006853515625 
0.0, 48.33984375, 1.85546875, 8124414062.5, 6.421875e-11, 0.0002740234375 
0.0, 48.73046875, 1.85546875, 8124414062.5, 6.421875e-11, 0.0002740234375 
0.0, 48.33984375, 38.96484375, 8124414062.5, 6.421875e-11, 0.0002740234375 
0.0, 48.33984375, 1.85546875, 3715820312.5, 6.421875e-11, 0.0002740234375 
0.0, 48.33984375, 1.85546875, 8124414062.5, 7.234375e-11, 0.0002740234375 
4.9, 48.33984375, 1.85546875, 8124414062.5, 6.421875e-11, 0.0009103515625 
5.3, 48.73046875, 38.96484375, 3715820312.5, 7.234375e-11, 0.0009103515625 
1.5, 23.33984375, 26.85546875, 3174414062.5, 2.4218749999999997e-11, 0.0007240234375000001 
1.5, 23.73046875, 26.85546875, 3174414062.5, 2.4218749999999997e-11, 0.0007240234375000001 
0.3, 23.33984375, 13.96484375, 3174414062.5, 2.4218749999999997e-11, 0.0007240234375000001 
0.0, 23.33984375, 26.85546875, 8665820312.5, 2.4218749999999997e-11, 0.0007240234375000001 
3.3, 23.33984375, 26.85546875, 3174414062.5, 3.2343749999999995e-11, 0.0007240234375000001 
3.3, 23.33984375, 26.85546875, 3174414062.5, 2.4218749999999997e-11, 0.0004603515625 
0.0, 23.73046875, 13.96484375, 8665820312.5, 3.2343749999999995e-11, 0.0004603515625 
0.0, 17.08984375, 8.10546875, 1936914062.5, 1.421875e-11, 0.0006115234375 
0.0, 4.98046875, 8.10546875, 1936914062.5, 1.421875e-11, 0.0006115234375 
0.0, 17.08984375, 45.21484375, 1936914062.5, 1.421875e-11, 0.0006115234375 
0.0, 17.08984375, 8.10546875, 4953320312.5, 1.421875e-11, 0.0006115234375 
0.0, 17.08984375, 8.10546875, 1936914062.5, 8.234375e-11, 0.0006115234375 
0.0, 17.08984375, 8.10546875, 1936914062.5, 1.421875e-11, 0.0005728515625 
8.9, 4.98046875, 45.21484375, 4953320312.5, 8.234375e-11, 0.0005728515625 
0.0, 42.08984375, 33.10546875, 6886914062.5, 5.421875e-11, 0.0001615234375 
0.0, 29.98046875, 33.10546875, 6886914062.5, 5.421875e-11, 0.0001615234375 
0.0, 42.08984375, 20.21484375, 6886914062.5, 5.421875e-11, 0.0001615234375 
0.0, 42.08984375, 33.10546875, 9903320312.5, 5.421875e-11, 0.0001615234375 
0.0, 42.08984375, 33.10546875, 6886914062.5, 4.234374999999999e-11, 0.0001615234375 
0.0, 42.08984375, 33.10546875, 6886914062.5, 5.421875e-11, 0.0001228515625 
0.0, 29.98046875, 20.21484375, 9903320312.5, 4.234374999999999e-11, 0.0001228515625 
3.1, 29.58984375, 20.60546875, 4411914062.5, 3.4218749999999995e-11, 0.0003865234375 
4.1, 42.48046875, 20.60546875, 4411914062.5, 3.4218749999999995e-11, 0.0003865234375 
4.7, 29.58984375, 32.71484375, 4411914062.5, 3.4218749999999995e-11, 0.0003865234375 
0.0, 29.58984375, 20.60546875, 7428320312.5, 3.4218749999999995e-11, 0.0003865234375 
3.2, 29.58984375, 20.60546875, 4411914062.5, 2.2343749999999997e-11, 0.0003865234375 
0.7, 29.58984375, 20.60546875, 4411914062.5, 3.4218749999999995e-11, 0.00034785156249999996 
2.8, 42.48046875, 32.71484375, 7428320312.5, 2.2343749999999997e-11, 0.00034785156249999996 
10.1, 4.58984375, 45.60546875, 9361914062.5, 7.421875e-11, 0.0008365234375 
8.7, 17.48046875, 45.60546875, 9361914062.5, 7.421875e-11, 0.0008365234375 
0.0, 4.58984375, 7.71484375, 9361914062.5, 7.421875e-11, 0.0008365234375 
7.4, 4.58984375, 45.60546875, 2478320312.5, 7.421875e-11, 0.0008365234375 
9.3, 4.58984375, 45.60546875, 9361914062.5, 6.234375e-11, 0.0008365234375 
10.5, 4.58984375, 45.60546875, 9361914062.5, 7.421875e-11, 0.0007978515625000001 
4.7, 17.48046875, 7.71484375, 2478320312.5, 6.234375e-11, 0.0007978515625000001 
3.3, 6.15234375, 19.04296875, 390039062.5, 2.671875e-11, 0.0002458984375 
3.0, 28.41796875, 19.04296875, 390039062.5, 2.671875e-11, 0.0002458984375 
3.7, 6.15234375, 24.90234375, 390039062.5, 2.671875e-11, 0.0002458984375 
0.0, 6.15234375, 19.04296875, 7118945312.5, 2.671875e-11, 0.0002458984375 
0.0, 6.15234375, 19.04296875, 390039062.5, 5.4843749999999995e-11, 0.0002458984375 
3.3, 6.15234375, 19.04296875, 390039062.5, 2.671875e-11, 0.0004322265625 
0.0, 28.41796875, 24.90234375, 7118945312.5, 5.4843749999999995e-11, 0.0004322265625 
6.6, 31.15234375, 44.04296875, 5340039062.5, 6.671874999999999e-11, 0.0006958984375 
9.5, 3.41796875, 44.04296875, 5340039062.5, 6.671874999999999e-11, 0.0006958984375 
7.0, 31.15234375, 49.90234375, 5340039062.5, 6.671874999999999e-11, 0.0006958984375 
5.5, 31.15234375, 44.04296875, 2168945312.5, 6.671874999999999e-11, 0.0006958984375 
0.0, 31.15234375, 44.04296875, 5340039062.5, 1.4843749999999997e-11, 0.0006958984375 
5.8, 31.15234375, 44.04296875, 5340039062.5, 6.671874999999999e-11, 0.0008822265625 
0.0, 3.41796875, 49.90234375, 2168945312.5, 1.4843749999999997e-11, 0.0008822265625 
3.7, 43.65234375, 6.54296875, 2865039062.5, 4.671875e-11, 0.0009208984375000001 
3.8, 15.91796875, 6.54296875, 2865039062.5, 4.671875e-11, 0.0009208984375000001 
3.7, 43.65234375, 12.40234375, 2865039062.5, 4.671875e-11, 0.0009208984375000001 
4.0, 43.65234375, 6.54296875, 4643945312.5, 4.671875e-11, 0.0009208984375000001 
3.0, 43.65234375, 6.54296875, 2865039062.5, 3.484375e-11, 0.0009208984375000001 
3.9, 43.65234375, 6.54296875, 2865039062.5, 4.671875e-11, 0.0006572265625 
1.8, 15.91796875, 12.40234375, 4643945312.5, 3.484375e-11, 0.0006572265625 
0.0, 18.65234375, 31.54296875, 7815039062.5, 8.671875e-11, 0.00047089843749999996 
0.0, 40.91796875, 31.54296875, 7815039062.5, 8.671875e-11, 0.00047089843749999996 
0.0, 18.65234375, 37.40234375, 7815039062.5, 8.671875e-11, 0.00047089843749999996 
0.0, 18.65234375, 31.54296875, 9593945312.5, 8.671875e-11, 0.00047089843749999996 
0.0, 18.65234375, 31.54296875, 7815039062.5, 7.484375e-11, 0.00047089843749999996 
0.0, 18.65234375, 31.54296875, 7815039062.5, 8.671875e-11, 0.0002072265625 
0.0, 40.91796875, 37.40234375, 9593945312.5, 7.484375e-11, 0.0002072265625 
0.0, 24.90234375, 0.29296875, 6577539062.5, 7.671875e-11, 0.0003583984375 
0.0, 34.66796875, 0.29296875, 6577539062.5, 7.671875e-11, 0.0003583984375 
0.0, 24.90234375, 6.15234375, 6577539062.5, 7.671875e-11, 0.0003583984375 
0.0, 24.90234375, 0.29296875, 3406445312.5, 7.671875e-11, 0.0003583984375 
0.0, 24.90234375, 0.29296875, 6577539062.5, 4.484375e-11, 0.0003583984375 
1.3, 24.90234375, 0.29296875, 6577539062.5, 7.671875e-11, 0.0009947265625 
3.5, 34.66796875, 6.15234375, 3406445312.5, 4.484375e-11, 0.0009947265625 
2.4, 49.90234375, 25.29296875, 1627539062.5, 3.671875e-11, 0.0008083984375 
3.7, 9.66796875, 25.29296875, 1627539062.5, 3.671875e-11, 0.0008083984375 
2.4, 49.90234375, 31.15234375, 1627539062.5, 3.671875e-11, 0.0008083984375 
3.7, 49.90234375, 25.29296875, 8356445312.5, 3.671875e-11, 0.0008083984375 
4.9, 49.90234375, 25.29296875, 1627539062.5, 8.484375e-11, 0.0008083984375 
0.0, 37.40234375, 12.79296875, 9052539062.5, 5.6718749999999995e-11, 0.0005833984375 
0.0, 9.66796875, 31.15234375, 8356445312.5, 8.484375e-11, 0.0005447265625 
3.7, 49.90234375, 25.29296875, 1627539062.5, 3.671875e-11, 0.0005447265625 
0.0, 22.16796875, 12.79296875, 9052539062.5, 5.6718749999999995e-11, 0.0005833984375 
0.3, 37.40234375, 18.65234375, 9052539062.5, 5.6718749999999995e-11, 0.0005833984375 
1.5, 37.40234375, 12.79296875, 5881445312.5, 5.6718749999999995e-11, 0.0005833984375 
0.0, 37.40234375, 12.79296875, 9052539062.5, 6.484375e-11, 0.0005833984375 
0.0, 37.40234375, 12.79296875, 9052539062.5, 5.6718749999999995e-11, 0.0003197265625 
0.0, 22.16796875, 18.65234375, 5881445312.5, 6.484375e-11, 0.0003197265625 
0.0, 12.40234375, 37.79296875, 4102539062.5, 1.6718749999999997e-11, 0.0001333984375 
0.0, 47.16796875, 37.79296875, 4102539062.5, 1.6718749999999997e-11, 0.0001333984375 
0.6, 12.40234375, 43.65234375, 4102539062.5, 1.6718749999999997e-11, 0.0001333984375 
3.7, 12.40234375, 37.79296875, 931445312.5, 1.6718749999999997e-11, 0.0001333984375 
0.0, 12.40234375, 37.79296875, 4102539062.5, 2.484375e-11, 0.0001333984375 
0.0, 12.40234375, 37.79296875, 4102539062.5, 1.6718749999999997e-11, 0.0007697265625 
1.7, 47.16796875, 43.65234375, 931445312.5, 2.484375e-11, 0.0007697265625 
0.0, 9.27734375, 9.66796875, 9671289062.5, 3.171875e-11, 0.0007521484375 
0.0, 9.27734375, 3.02734375, 9671289062.5, 3.171875e-11, 0.0007521484375 
0.8, 37.79296875, 9.66796875, 9671289062.5, 3.171875e-11, 0.0007521484375 
0.3, 9.27734375, 9.66796875, 2787695312.5, 3.171875e-11, 0.0007521484375 
0.0, 9.27734375, 9.66796875, 9671289062.5, 4.984374999999999e-11, 0.0007521484375 
0.0, 9.27734375, 9.66796875, 9671289062.5, 3.171875e-11, 0.00015097656250000001 
0.0, 37.79296875, 3.02734375, 2787695312.5, 4.984374999999999e-11, 0.00015097656250000001 
0.0, 34.27734375, 34.66796875, 4721289062.5, 7.171875e-11, 0.0003021484375 
0.0, 34.27734375, 34.66796875, 7737695312.5, 7.171875e-11, 0.0003021484375 
0.0, 12.79296875, 34.66796875, 4721289062.5, 7.171875e-11, 0.0003021484375 
0.0, 34.27734375, 28.02734375, 4721289062.5, 7.171875e-11, 0.0003021484375 
0.0, 34.27734375, 34.66796875, 4721289062.5, 8.984375e-11, 0.0003021484375 
7.1, 34.27734375, 34.66796875, 4721289062.5, 7.171875e-11, 0.0006009765625000001 
0.0, 12.79296875, 28.02734375, 7737695312.5, 8.984375e-11, 0.0006009765625000001 
0.0, 46.77734375, 22.16796875, 7196289062.5, 1.171875e-11, 0.0005271484375000001 
0.0, 0.29296875, 22.16796875, 7196289062.5, 1.171875e-11, 0.0005271484375000001 
0.0, 46.77734375, 15.52734375, 7196289062.5, 1.171875e-11, 0.0005271484375000001 
0.0, 46.77734375, 22.16796875, 5262695312.5, 1.171875e-11, 0.0005271484375000001 
0.0, 46.77734375, 22.16796875, 7196289062.5, 6.984375e-11, 0.0005271484375000001 
0.0, 46.77734375, 22.16796875, 7196289062.5, 1.171875e-11, 0.0008259765625 
0.0, 0.29296875, 15.52734375, 5262695312.5, 6.984375e-11, 0.0008259765625 
4.4, 21.77734375, 47.16796875, 2246289062.5, 5.171874999999999e-11, 0.0009771484375 
3.8, 25.29296875, 47.16796875, 2246289062.5, 5.171874999999999e-11, 0.0009771484375 
4.3, 21.77734375, 40.52734375, 2246289062.5, 5.171874999999999e-11, 0.0009771484375 
2.9, 21.77734375, 47.16796875, 312695312.5, 5.171874999999999e-11, 0.0009771484375 
2.3, 21.77734375, 47.16796875, 2246289062.5, 2.984375e-11, 0.0009771484375 
6.3, 21.77734375, 47.16796875, 2246289062.5, 5.171874999999999e-11, 0.0003759765625 
3.2, 25.29296875, 40.52734375, 312695312.5, 2.984375e-11, 0.0003759765625 
5.2, 15.52734375, 15.91796875, 3483789062.5, 6.171875e-11, 0.0008646484375000001 
4.3, 44.04296875, 15.91796875, 3483789062.5, 6.171875e-11, 0.0008646484375000001 
5.3, 15.52734375, 21.77734375, 3483789062.5, 6.171875e-11, 0.0008646484375000001 
3.1, 15.52734375, 15.91796875, 6500195312.5, 6.171875e-11, 0.0008646484375000001 
5.2, 15.52734375, 15.91796875, 3483789062.5, 5.984375e-11, 0.0008646484375000001 
4.1, 15.52734375, 15.91796875, 3483789062.5, 6.171875e-11, 0.0007134765625 
5.4, 44.04296875, 21.77734375, 6500195312.5, 5.984375e-11, 0.0007134765625 
2.9, 40.52734375, 40.91796875, 8433789062.5, 2.171875e-11, 0.0004146484375 
1.2, 19.04296875, 40.91796875, 8433789062.5, 2.171875e-11, 0.0004146484375 
3.3, 40.52734375, 46.77734375, 8433789062.5, 2.171875e-11, 0.0004146484375 
3.0, 40.52734375, 40.91796875, 1550195312.5, 2.171875e-11, 0.0004146484375 
2.5, 40.52734375, 40.91796875, 8433789062.5, 1.984375e-11, 0.0004146484375 
0.4, 40.52734375, 40.91796875, 8433789062.5, 2.171875e-11, 0.0002634765625 
3.6, 19.04296875, 46.77734375, 1550195312.5, 1.984375e-11, 0.0002634765625 
0.0, 28.02734375, 3.41796875, 1008789062.5, 8.171875e-11, 0.00018964843749999998 
0.0, 6.54296875, 3.41796875, 1008789062.5, 8.171875e-11, 0.00018964843749999998 
0.0, 28.02734375, 9.27734375, 1008789062.5, 8.171875e-11, 0.00018964843749999998 
0.0, 28.02734375, 3.41796875, 4025195312.5, 8.171875e-11, 0.00018964843749999998 
0.0, 28.02734375, 3.41796875, 1008789062.5, 3.9843749999999995e-11, 0.00018964843749999998 
0.0, 28.02734375, 3.41796875, 1008789062.5, 8.171875e-11, 0.0004884765625 
0.0, 6.54296875, 9.27734375, 4025195312.5, 3.9843749999999995e-11, 0.0004884765625 
7.1, 3.02734375, 28.41796875, 5958789062.5, 4.1718749999999995e-11, 0.0006396484375 
4.6, 31.54296875, 28.41796875, 5958789062.5, 4.1718749999999995e-11, 0.0006396484375 
8.1, 3.02734375, 34.27734375, 5958789062.5, 4.1718749999999995e-11, 0.0006396484375 
5.1, 3.02734375, 28.41796875, 8975195312.5, 4.1718749999999995e-11, 0.0006396484375 
2.6, 3.02734375, 28.41796875, 5958789062.5, 7.984375e-11, 0.0006396484375 
2.8, 3.02734375, 28.41796875, 5958789062.5, 4.1718749999999995e-11, 0.0009384765625000001 
6.7, 31.54296875, 34.27734375, 8975195312.5, 7.984375e-11, 0.0009384765625000001 
0.0, 2.24609375, 18.26171875, 7969726562.5, 1.5468749999999998e-11, 0.00034433593749999997 
0.0, 26.07421875, 18.26171875, 7969726562.5, 1.5468749999999998e-11, 0.00034433593749999997 
0.0, 2.24609375, 11.62109375, 7969726562.5, 1.5468749999999998e-11, 0.00034433593749999997 
0.0, 2.24609375, 18.26171875, 7583007812.5, 1.5468749999999998e-11, 0.00034433593749999997 
0.0, 2.24609375, 18.26171875, 7969726562.5, 1.3593749999999998e-11, 0.00034433593749999997 
0.0, 2.24609375, 18.26171875, 7969726562.5, 1.5468749999999998e-11, 0.0005306640625 
0.0, 26.07421875, 11.62109375, 7583007812.5, 1.3593749999999998e-11, 0.0005306640625 
5.1, 27.24609375, 43.26171875, 3019726562.5, 5.546874999999999e-11, 0.0007943359375 
7.8, 1.07421875, 43.26171875, 3019726562.5, 5.546874999999999e-11, 0.0007943359375 
5.0, 27.24609375, 36.62109375, 3019726562.5, 5.546874999999999e-11, 0.0007943359375 
4.9, 27.24609375, 43.26171875, 2633007812.5, 5.546874999999999e-11, 0.0007943359375 
4.8, 27.24609375, 43.26171875, 3019726562.5, 5.359374999999999e-11, 0.0007943359375 
4.0, 27.24609375, 43.26171875, 3019726562.5, 5.546874999999999e-11, 0.0009806640625 
6.6, 1.07421875, 36.62109375, 2633007812.5, 5.359374999999999e-11, 0.0009806640625 
3.8, 39.74609375, 5.76171875, 5494726562.5, 3.546875e-11, 0.0005693359375 
0.0, 13.57421875, 5.76171875, 5494726562.5, 3.546875e-11, 0.0005693359375 
3.9, 39.74609375, 24.12109375, 5494726562.5, 3.546875e-11, 0.0005693359375 
2.7, 39.74609375, 5.76171875, 158007812.5, 3.546875e-11, 0.0005693359375 
0.0, 39.74609375, 5.76171875, 5494726562.5, 7.359375e-11, 0.0005693359375 
3.4, 39.74609375, 5.76171875, 5494726562.5, 3.546875e-11, 0.0007556640625 
3.3, 13.57421875, 24.12109375, 158007812.5, 7.359375e-11, 0.0007556640625 
0.0, 14.74609375, 30.76171875, 544726562.5, 7.546875e-11, 0.0001193359375 
0.0, 38.57421875, 30.76171875, 544726562.5, 7.546875e-11, 0.0001193359375 
0.0, 14.74609375, 49.12109375, 544726562.5, 7.546875e-11, 0.0001193359375 
0.0, 14.74609375, 30.76171875, 5108007812.5, 7.546875e-11, 0.0001193359375 
0.0, 14.74609375, 30.76171875, 544726562.5, 3.359375e-11, 0.0001193359375 
0.0, 14.74609375, 30.76171875, 544726562.5, 7.546875e-11, 0.0003056640625 
5.8, 38.57421875, 49.12109375, 5108007812.5, 3.359375e-11, 0.0003056640625 
0.0, 20.99609375, 12.01171875, 4257226562.5, 8.546875e-11, 0.0002318359375 
0.0, 32.32421875, 12.01171875, 4257226562.5, 8.546875e-11, 0.0002318359375 
0.0, 20.99609375, 17.87109375, 4257226562.5, 8.546875e-11, 0.0002318359375 
0.0, 20.99609375, 12.01171875, 1395507812.5, 8.546875e-11, 0.0002318359375 
0.0, 20.99609375, 12.01171875, 4257226562.5, 8.359375e-11, 0.0002318359375 
3.4, 20.99609375, 12.01171875, 4257226562.5, 8.546875e-11, 0.0008681640625 
5.2, 32.32421875, 17.87109375, 1395507812.5, 8.359375e-11, 0.0008681640625 
4.9, 45.99609375, 37.01171875, 9207226562.5, 4.5468749999999995e-11, 0.0006818359375 
7.2, 7.32421875, 37.01171875, 9207226562.5, 4.5468749999999995e-11, 0.0006818359375 
5.0, 45.99609375, 42.87109375, 9207226562.5, 4.5468749999999995e-11, 0.0006818359375 
4.2, 45.99609375, 37.01171875, 6345507812.5, 4.5468749999999995e-11, 0.0006818359375 
4.9, 45.99609375, 37.01171875, 9207226562.5, 4.3593749999999995e-11, 0.0006818359375 
1.2, 45.99609375, 37.01171875, 9207226562.5, 4.5468749999999995e-11, 0.00041816406249999997 
4.2, 33.49609375, 24.51171875, 1782226562.5, 6.546875e-11, 0.0009068359375 
9.9, 7.32421875, 42.87109375, 6345507812.5, 4.3593749999999995e-11, 0.00041816406249999997 
5.0, 19.82421875, 24.51171875, 1782226562.5, 6.546875e-11, 0.0009068359375 
4.3, 33.49609375, 5.37109375, 1782226562.5, 6.546875e-11, 0.0009068359375 
5.6, 33.49609375, 24.51171875, 8820507812.5, 6.546875e-11, 0.0009068359375 
0.0, 33.49609375, 24.51171875, 1782226562.5, 2.359375e-11, 0.0009068359375 
0.0, 33.49609375, 24.51171875, 1782226562.5, 6.546875e-11, 0.0001931640625 
0.0, 19.82421875, 5.37109375, 8820507812.5, 2.359375e-11, 0.0001931640625 
5.1, 8.49609375, 49.51171875, 6732226562.5, 2.546875e-11, 0.0004568359375 
3.6, 44.82421875, 49.51171875, 6732226562.5, 2.546875e-11, 0.0004568359375 
1.1, 8.49609375, 30.37109375, 6732226562.5, 2.546875e-11, 0.0004568359375 
5.1, 8.49609375, 49.51171875, 3870507812.5, 2.546875e-11, 0.0004568359375 
8.9, 8.49609375, 49.51171875, 6732226562.5, 6.359375e-11, 0.0004568359375 
1.9, 8.49609375, 49.51171875, 6732226562.5, 2.546875e-11, 0.0006431640625000001 
5.6, 44.82421875, 30.37109375, 3870507812.5, 6.359375e-11, 0.0006431640625000001 
2.0, 11.62109375, 2.63671875, 2400976562.5, 4.046874999999999e-11, 0.0008505859375 
3.5, 41.69921875, 2.63671875, 2400976562.5, 4.046874999999999e-11, 0.0008505859375 
3.7, 11.62109375, 14.74609375, 2400976562.5, 4.046874999999999e-11, 0.0008505859375 
2.8, 11.62109375, 2.63671875, 2014257812.5, 4.046874999999999e-11, 0.0008505859375 
0.0, 11.62109375, 2.63671875, 2400976562.5, 8.859375e-11, 0.0008505859375 
0.0, 11.62109375, 2.63671875, 2400976562.5, 4.046874999999999e-11, 0.0002494140625 
0.0, 41.69921875, 14.74609375, 2014257812.5, 8.859375e-11, 0.0002494140625 
0.0, 36.62109375, 27.63671875, 7350976562.5, 8.046875e-11, 0.0004005859375 
0.0, 16.69921875, 27.63671875, 7350976562.5, 8.046875e-11, 0.0004005859375 
0.0, 36.62109375, 39.74609375, 7350976562.5, 8.046875e-11, 0.0004005859375 
0.0, 36.62109375, 27.63671875, 6964257812.5, 8.046875e-11, 0.0004005859375 
4.6, 36.62109375, 27.63671875, 7350976562.5, 8.046875e-11, 0.0006994140625000001 
0.0, 36.62109375, 27.63671875, 7350976562.5, 4.859375e-11, 0.0004005859375 
6.3, 16.69921875, 39.74609375, 6964257812.5, 4.859375e-11, 0.0006994140625000001 
0.0, 49.12109375, 15.13671875, 4875976562.5, 2.0468749999999997e-11, 0.00017558593750000002 
0.0, 4.19921875, 15.13671875, 4875976562.5, 2.0468749999999997e-11, 0.00017558593750000002 
0.0, 49.12109375, 2.24609375, 4875976562.5, 2.0468749999999997e-11, 0.00017558593750000002 
0.0, 49.12109375, 15.13671875, 9439257812.5, 2.0468749999999997e-11, 0.00017558593750000002 
0.0, 49.12109375, 15.13671875, 4875976562.5, 2.859375e-11, 0.00017558593750000002 
0.0, 49.12109375, 15.13671875, 4875976562.5, 2.0468749999999997e-11, 0.0009244140625 
0.0, 4.19921875, 2.24609375, 9439257812.5, 2.859375e-11, 0.0009244140625 
7.5, 24.12109375, 40.13671875, 9825976562.5, 6.046875e-11, 0.0006255859375000001 
6.9, 29.19921875, 40.13671875, 9825976562.5, 6.046875e-11, 0.0006255859375000001 
1.4, 24.12109375, 27.24609375, 9825976562.5, 6.046875e-11, 0.0006255859375000001 
6.8, 24.12109375, 40.13671875, 4489257812.5, 6.046875e-11, 0.0006255859375000001 
8.1, 24.12109375, 40.13671875, 9825976562.5, 6.859375e-11, 0.0006255859375000001 
0.9, 24.12109375, 40.13671875, 9825976562.5, 6.046875e-11, 0.00047441406249999996 
0.0, 29.19921875, 27.24609375, 4489257812.5, 6.859375e-11, 0.00047441406249999996 
4.0, 17.87109375, 21.38671875, 6113476562.5, 5.046875e-11, 0.0007380859375 
4.4, 47.94921875, 21.38671875, 6113476562.5, 5.046875e-11, 0.0007380859375 
1.0, 17.87109375, 8.49609375, 6113476562.5, 5.046875e-11, 0.0007380859375 
2.7, 17.87109375, 21.38671875, 8201757812.5, 5.046875e-11, 0.0007380859375 
0.0, 17.87109375, 21.38671875, 6113476562.5, 1.8593749999999997e-11, 0.0007380859375 
2.5, 17.87109375, 21.38671875, 6113476562.5, 5.046875e-11, 0.0005869140625 
0.0, 47.94921875, 8.49609375, 8201757812.5, 1.8593749999999997e-11, 0.0005869140625 
1.8, 42.87109375, 46.38671875, 1163476562.5, 1.046875e-11, 0.0002880859375 
2.0, 22.94921875, 46.38671875, 1163476562.5, 1.046875e-11, 0.0002880859375 
1.8, 42.87109375, 33.49609375, 1163476562.5, 1.046875e-11, 0.0002880859375 
1.0, 42.87109375, 46.38671875, 3251757812.5, 1.046875e-11, 0.0002880859375 
0.4, 42.87109375, 46.38671875, 1163476562.5, 5.859375e-11, 0.0002880859375 
2.2, 42.87109375, 46.38671875, 1163476562.5, 1.046875e-11, 0.0001369140625 
0.0, 22.94921875, 33.49609375, 3251757812.5, 5.859375e-11, 0.0001369140625 
0.0, 30.37109375, 8.88671875, 8588476562.5, 7.046875e-11, 0.0005130859375 
0.0, 10.44921875, 8.88671875, 8588476562.5, 7.046875e-11, 0.0005130859375 
0.0, 30.37109375, 20.99609375, 8588476562.5, 7.046875e-11, 0.0005130859375 
1.0, 30.37109375, 8.88671875, 776757812.5, 7.046875e-11, 0.0005130859375 
0.0, 30.37109375, 8.88671875, 8588476562.5, 7.859375e-11, 0.0005130859375 
0.0, 30.37109375, 8.88671875, 8588476562.5, 7.046875e-11, 0.0003619140625 
0.0, 10.44921875, 20.99609375, 776757812.5, 7.859375e-11, 0.0003619140625 
0.0, 5.37109375, 33.88671875, 3638476562.5, 3.0468749999999995e-11, 0.0009630859375000001 
2.3, 35.44921875, 33.88671875, 3638476562.5, 3.0468749999999995e-11, 0.0009630859375000001 
1.2, 5.37109375, 45.99609375, 3638476562.5, 3.0468749999999995e-11, 0.0009630859375000001 
0.0, 5.37109375, 33.88671875, 5726757812.5, 3.0468749999999995e-11, 0.0009630859375000001 
3.3, 5.37109375, 33.88671875, 3638476562.5, 3.859375e-11, 0.0009630859375000001 
2.4, 5.37109375, 33.88671875, 3638476562.5, 3.0468749999999995e-11, 0.0008119140625 
3.7, 35.44921875, 45.99609375, 5726757812.5, 3.859375e-11, 0.0008119140625 
0.0, 3.80859375, 7.32421875, 7041601562.5, 6.796875e-11, 0.0001474609375 
0.0, 24.51171875, 7.32421875, 7041601562.5, 6.796875e-11, 0.0001474609375 
0.0, 3.80859375, 35.05859375, 7041601562.5, 6.796875e-11, 0.0001474609375 
0.0, 3.80859375, 7.32421875, 1086132812.5, 6.796875e-11, 0.0001474609375 
0.0, 3.80859375, 7.32421875, 7041601562.5, 4.609374999999999e-11, 0.0001474609375 
0.0, 3.80859375, 7.32421875, 7041601562.5, 6.796875e-11, 0.0003900390625 
4.7, 24.51171875, 35.05859375, 1086132812.5, 4.609374999999999e-11, 0.0003900390625 
3.1, 28.80859375, 32.32421875, 2091601562.5, 2.7968749999999997e-11, 0.0005974609375 
3.0, 49.51171875, 32.32421875, 2091601562.5, 2.7968749999999997e-11, 0.0005974609375 
3.1, 28.80859375, 10.05859375, 2091601562.5, 2.7968749999999997e-11, 0.0005974609375 
3.5, 28.80859375, 32.32421875, 6036132812.5, 2.7968749999999997e-11, 0.0005974609375 
6.0, 28.80859375, 32.32421875, 2091601562.5, 8.609375e-11, 0.0005974609375 
2.4, 28.80859375, 32.32421875, 2091601562.5, 2.7968749999999997e-11, 0.0008400390625000001 
4.5, 49.51171875, 10.05859375, 6036132812.5, 8.609375e-11, 0.0008400390625000001 
2.4, 41.30859375, 19.82421875, 9516601562.5, 8.796875e-11, 0.0008224609375000001 
1.5, 37.01171875, 19.82421875, 9516601562.5, 8.796875e-11, 0.0008224609375000001 
8.5, 41.30859375, 47.55859375, 9516601562.5, 8.796875e-11, 0.0008224609375000001 
3.7, 41.30859375, 19.82421875, 8511132812.5, 8.796875e-11, 0.0008224609375000001 
5.1, 41.30859375, 19.82421875, 9516601562.5, 6.609375e-11, 0.0008224609375000001 
0.0, 41.30859375, 19.82421875, 9516601562.5, 8.796875e-11, 0.0006150390625 
7.9, 37.01171875, 47.55859375, 8511132812.5, 6.609375e-11, 0.0006150390625 
7.8, 16.30859375, 44.82421875, 4566601562.5, 4.796874999999999e-11, 0.00037246093749999996 
8.4, 12.01171875, 44.82421875, 4566601562.5, 4.796874999999999e-11, 0.00037246093749999996 
0.0, 16.30859375, 22.55859375, 4566601562.5, 4.796874999999999e-11, 0.00037246093749999996 
7.9, 16.30859375, 44.82421875, 3561132812.5, 4.796874999999999e-11, 0.00037246093749999996 
5.0, 16.30859375, 44.82421875, 4566601562.5, 2.6093749999999997e-11, 0.00037246093749999996 
0.0, 16.30859375, 44.82421875, 4566601562.5, 4.796874999999999e-11, 0.00016503906249999998 
0.0, 12.01171875, 22.55859375, 3561132812.5, 2.6093749999999997e-11, 0.00016503906249999998 
3.5, 22.55859375, 13.57421875, 854101562.5, 3.7968749999999995e-11, 0.0004849609375 
3.5, 18.26171875, 13.57421875, 854101562.5, 3.7968749999999995e-11, 0.0004849609375 
3.8, 22.55859375, 41.30859375, 854101562.5, 3.7968749999999995e-11, 0.0004849609375 
0.0, 22.55859375, 13.57421875, 9748632812.5, 3.7968749999999995e-11, 0.0004849609375 
3.7, 22.55859375, 13.57421875, 854101562.5, 5.609375e-11, 0.0004849609375 
2.6, 22.55859375, 13.57421875, 854101562.5, 3.7968749999999995e-11, 0.0009525390625 
5.9, 18.26171875, 41.30859375, 9748632812.5, 5.609375e-11, 0.0009525390625 
5.8, 47.55859375, 38.57421875, 5804101562.5, 7.796875e-11, 0.0009349609375 
6.0, 43.26171875, 38.57421875, 5804101562.5, 7.796875e-11, 0.0009349609375 
5.6, 47.55859375, 16.30859375, 5804101562.5, 7.796875e-11, 0.0009349609375 
5.7, 47.55859375, 38.57421875, 4798632812.5, 7.796875e-11, 0.0009349609375 
0.0, 47.55859375, 38.57421875, 5804101562.5, 1.609375e-11, 0.0009349609375 
0.3, 47.55859375, 38.57421875, 5804101562.5, 7.796875e-11, 0.0005025390625000001 
0.0, 43.26171875, 16.30859375, 4798632812.5, 1.609375e-11, 0.0005025390625000001 
0.0, 35.05859375, 1.07421875, 3329101562.5, 1.796875e-11, 0.0007099609375 
0.0, 30.76171875, 1.07421875, 3329101562.5, 1.796875e-11, 0.0007099609375 
0.0, 35.05859375, 28.80859375, 3329101562.5, 1.796875e-11, 0.0007099609375 
0.0, 35.05859375, 1.07421875, 2323632812.5, 1.796875e-11, 0.0007099609375 
3.6, 35.05859375, 1.07421875, 3329101562.5, 3.6093749999999995e-11, 0.0007099609375 
1.3, 35.05859375, 1.07421875, 3329101562.5, 1.796875e-11, 0.0002775390625 
1.9, 30.76171875, 28.80859375, 2323632812.5, 3.6093749999999995e-11, 0.0002775390625 
0.0, 10.05859375, 26.07421875, 8279101562.5, 5.796875e-11, 0.0002599609375 
0.0, 5.76171875, 26.07421875, 8279101562.5, 5.796875e-11, 0.0002599609375 
0.0, 10.05859375, 3.80859375, 8279101562.5, 5.796875e-11, 0.0002599609375 
0.0, 10.05859375, 26.07421875, 7273632812.5, 5.796875e-11, 0.0002599609375 
0.0, 10.05859375, 26.07421875, 8279101562.5, 7.609375e-11, 0.0002599609375 
3.9, 10.05859375, 26.07421875, 8279101562.5, 5.796875e-11, 0.0007275390625 
0.0, 5.76171875, 3.80859375, 7273632812.5, 7.609375e-11, 0.0007275390625 
4.9, 6.93359375, 22.94921875, 2710351562.5, 7.296875e-11, 0.0006537109375 
5.1, 8.88671875, 22.94921875, 2710351562.5, 7.296875e-11, 0.0006537109375 
7.4, 6.93359375, 38.18359375, 2710351562.5, 7.296875e-11, 0.0006537109375 
0.0, 6.93359375, 22.94921875, 9129882812.5, 7.296875e-11, 0.0006537109375 
6.1, 6.93359375, 22.94921875, 2710351562.5, 5.1093749999999995e-11, 0.0006537109375 
0.0, 6.93359375, 22.94921875, 2710351562.5, 7.296875e-11, 0.0001087890625 
0.0, 8.88671875, 38.18359375, 9129882812.5, 5.1093749999999995e-11, 0.0001087890625 
0.0, 31.93359375, 47.94921875, 7660351562.5, 3.296875e-11, 0.0002037109375 
0.0, 33.88671875, 47.94921875, 7660351562.5, 3.296875e-11, 0.0002037109375 
0.0, 31.93359375, 13.18359375, 7660351562.5, 3.296875e-11, 0.0002037109375 
0.0, 31.93359375, 47.94921875, 4179882812.5, 3.296875e-11, 0.0002037109375 
0.0, 31.93359375, 47.94921875, 7660351562.5, 1.1093749999999999e-11, 0.0002037109375 
4.6, 31.93359375, 47.94921875, 7660351562.5, 3.296875e-11, 0.0005587890625 
0.0, 33.88671875, 13.18359375, 4179882812.5, 1.1093749999999999e-11, 0.0005587890625 
2.9, 44.43359375, 10.44921875, 235351562.5, 5.2968749999999995e-11, 0.0004287109375 
2.8, 46.38671875, 10.44921875, 235351562.5, 5.2968749999999995e-11, 0.0004287109375 
2.9, 44.43359375, 25.68359375, 235351562.5, 5.2968749999999995e-11, 0.0004287109375 
3.4, 44.43359375, 10.44921875, 1704882812.5, 5.2968749999999995e-11, 0.0004287109375 
2.9, 44.43359375, 10.44921875, 235351562.5, 3.109375e-11, 0.0004287109375 
3.1, 44.43359375, 10.44921875, 235351562.5, 5.2968749999999995e-11, 0.0007837890625 
2.8, 46.38671875, 25.68359375, 1704882812.5, 3.109375e-11, 0.0007837890625 
0.0, 19.43359375, 35.44921875, 5185351562.5, 1.2968749999999999e-11, 0.0008787109375 
0.0, 21.38671875, 35.44921875, 5185351562.5, 1.2968749999999999e-11, 0.0008787109375 
0.0, 19.43359375, 0.68359375, 5185351562.5, 1.2968749999999999e-11, 0.0008787109375 
0.0, 19.43359375, 35.44921875, 6654882812.5, 1.2968749999999999e-11, 0.0008787109375 
6.5, 19.43359375, 35.44921875, 5185351562.5, 7.109375e-11, 0.0008787109375 
0.0, 19.43359375, 35.44921875, 5185351562.5, 1.2968749999999999e-11, 0.0003337890625 
0.0, 21.38671875, 0.68359375, 6654882812.5, 7.109375e-11, 0.0003337890625 
0.0, 13.18359375, 4.19921875, 8897851562.5, 2.2968749999999998e-11, 0.0009912109375 
0.0, 2.63671875, 4.19921875, 8897851562.5, 2.2968749999999998e-11, 0.0009912109375 
0.0, 13.18359375, 31.93359375, 8897851562.5, 2.2968749999999998e-11, 0.0009912109375 
0.0, 13.18359375, 4.19921875, 467382812.5, 2.2968749999999998e-11, 0.0009912109375 
0.0, 13.18359375, 4.19921875, 8897851562.5, 4.109375e-11, 0.0009912109375 
0.0, 13.18359375, 4.19921875, 8897851562.5, 2.2968749999999998e-11, 0.0006712890625 
3.8, 2.63671875, 31.93359375, 467382812.5, 4.109375e-11, 0.0006712890625 
5.7, 38.18359375, 29.19921875, 3947851562.5, 6.296874999999999e-11, 0.0005412109375 
5.8, 27.63671875, 29.19921875, 3947851562.5, 6.296874999999999e-11, 0.0005412109375 
0.0, 38.18359375, 6.93359375, 3947851562.5, 6.296874999999999e-11, 0.0005412109375 
4.6, 38.18359375, 29.19921875, 5417382812.5, 6.296874999999999e-11, 0.0005412109375 
0.4, 38.18359375, 29.19921875, 3947851562.5, 8.109375e-11, 0.0005412109375 
0.0, 38.18359375, 29.19921875, 3947851562.5, 6.296874999999999e-11, 0.0002212890625 
0.0, 27.63671875, 6.93359375, 5417382812.5, 8.109375e-11, 0.0002212890625 
0.0, 25.68359375, 16.69921875, 6422851562.5, 4.296875e-11, 0.0003162109375 
1.1, 25.68359375, 44.43359375, 6422851562.5, 4.296875e-11, 0.0003162109375 
0.0, 40.13671875, 16.69921875, 6422851562.5, 4.296875e-11, 0.0003162109375 
0.0, 25.68359375, 16.69921875, 7892382812.5, 4.296875e-11, 0.0003162109375 
0.0, 25.68359375, 16.69921875, 6422851562.5, 6.109375e-11, 0.0003162109375 
0.0, 25.68359375, 16.69921875, 6422851562.5, 4.296875e-11, 0.00044628906249999996 
1.8, 40.13671875, 44.43359375, 7892382812.5, 6.109375e-11, 0.00044628906249999996 
6.9, 0.68359375, 41.69921875, 1472851562.5, 8.296875e-11, 0.0007662109375000001 
5.6, 15.13671875, 41.69921875, 1472851562.5, 8.296875e-11, 0.0007662109375000001 
5.5, 0.68359375, 19.43359375, 1472851562.5, 8.296875e-11, 0.0007662109375000001 
8.6, 0.68359375, 41.69921875, 2942382812.5, 8.296875e-11, 0.0007662109375000001 
0.7, 0.68359375, 41.69921875, 1472851562.5, 2.1093749999999998e-11, 0.0007662109375000001 
6.8, 0.68359375, 41.69921875, 1472851562.5, 8.296875e-11, 0.0008962890625000001 
0.0, 15.13671875, 19.43359375, 2942382812.5, 2.1093749999999998e-11, 0.0008962890625000001 
